1.000000000 0.000000000 0.000000000 0.000000000 0.000000000 1.000000000 0.000000000 0.000000000 0.000000000 0.000000000 1.000000000 0.000000000
1.000000000 -0.000124549 0.000078445 -0.012398666 0.000124437 0.999998987 0.001425990 -0.013233402 -0.000078622 -0.001425980 0.999998987 1.318223238
0.999998510 -0.001635132 -0.000593567 -0.012906609 0.001636197 0.999997020 0.001798650 -0.040358912 0.000590625 -0.001799618 0.999998212 2.616197586
0.999995470 -0.002950850 -0.000592477 -0.017365636 0.002951356 0.999995291 0.000855624 -0.057286114 0.000589950 -0.000857369 0.999999464 3.927017212
0.999994814 -0.003174019 -0.000568716 -0.026439087 0.003174566 0.999994457 0.000963365 -0.075332291 0.000565655 -0.000965165 0.999999344 5.252885818
0.999992430 -0.003857450 -0.000533285 -0.026276853 0.003858468 0.999990702 0.001921045 -0.102130458 0.000525870 -0.001923088 0.999997973 6.572852135
0.999985993 -0.005283513 -0.000111515 -0.038578276 0.005283827 0.999981403 0.003038440 -0.116868861 0.000095459 -0.003038986 0.999995410 7.887035370
0.999987960 -0.004878834 -0.000468191 -0.040972453 0.004880494 0.999981582 0.003609985 -0.137528360 0.000450570 -0.003612227 0.999993324 9.232249260
0.999993265 -0.003620570 -0.000573098 -0.051511474 0.003621515 0.999992073 0.001657041 -0.151863888 0.000567094 -0.001659105 0.999998391 10.578678131
0.999998450 -0.001421683 -0.001015286 -0.054871798 0.001421475 0.999998987 -0.000206299 -0.178757861 0.001015578 0.000204856 0.999999464 11.912572861
0.999996901 0.002444703 -0.000485720 -0.074026957 -0.002445172 0.999996543 -0.000966369 -0.202189490 0.000483356 0.000967554 0.999999404 13.254493713
0.999989927 0.004452143 -0.000525950 -0.091614440 -0.004452753 0.999989390 -0.001165667 -0.221865207 0.000520754 0.001167998 0.999999166 14.591447830
0.999984264 0.005581728 -0.000560032 -0.096818916 -0.005581980 0.999984264 -0.000452137 -0.240430474 0.000557500 0.000455256 0.999999762 15.946795464
0.999995232 0.003074164 0.000183188 -0.109530434 -0.003074595 0.999992311 0.002400907 -0.265738487 -0.000175806 -0.002401458 0.999997079 17.305507660
0.999999225 -0.001242568 0.000188341 -0.111861415 0.001241729 0.999989569 0.004392491 -0.286763340 -0.000193797 -0.004392254 0.999990344 18.659318924
0.999993324 -0.003645202 -0.000128136 -0.112267412 0.003645463 0.999991179 0.002098218 -0.302451730 0.000120487 -0.002098672 0.999997795 20.008764267
0.999988198 -0.004874550 -0.000049286 -0.122485369 0.004874567 0.999988139 0.000342507 -0.322970688 0.000047616 -0.000342744 0.999999940 21.361614227
0.999997377 -0.002110197 0.000939308 -0.135095462 0.002111595 0.999996662 -0.001489674 -0.343335629 -0.000936161 0.001491654 0.999998510 22.715894699
0.999999285 0.000384730 0.001156865 -0.132699355 -0.000385535 0.999999642 0.000696156 -0.372045338 -0.001156597 -0.000696602 0.999999106 24.113296509
0.999998093 0.001030716 0.001674674 -0.140508413 -0.001037610 0.999990940 0.004121050 -0.387747347 -0.001670411 -0.004122780 0.999990106 25.481891632
0.999996841 -0.001511996 0.001997944 -0.137190953 0.001499703 0.999980032 0.006140148 -0.402139992 -0.002007187 -0.006137132 0.999979198 26.861455917
0.999979734 -0.006174542 0.001547153 -0.138147920 0.006167765 0.999971509 0.004347343 -0.421730965 -0.001573952 -0.004337712 0.999989331 28.246450424
0.999981225 -0.005927819 0.001566852 -0.142215580 0.005924999 0.999980807 0.001798672 -0.432312310 -0.001577485 -0.001789354 0.999997079 29.620264053
0.999975443 -0.006575415 0.002403367 -0.145310283 0.006576972 0.999978125 -0.000640187 -0.455377370 -0.002399105 0.000655978 0.999996901 30.996641159
0.999990225 -0.003077356 0.003163446 -0.158377051 0.003080831 0.999994695 -0.001094411 -0.480619013 -0.003160061 0.001104146 0.999994338 32.375785828
0.999991596 -0.002156883 0.003494360 -0.167963430 0.002168894 0.999991655 -0.003436938 -0.506116569 -0.003486917 0.003444489 0.999987960 33.732833862
0.999993384 -0.001205544 0.003421232 -0.165946379 0.001215608 0.999994934 -0.002941125 -0.527758420 -0.003417669 0.002945265 0.999989808 35.123882294
0.999993384 -0.000943265 0.003507382 -0.184789240 0.000949254 0.999998093 -0.001706075 -0.552483916 -0.003505766 0.001709393 0.999992371 36.510971069
0.999994993 0.000203430 0.003144973 -0.191744924 -0.000203435 0.999999940 0.000001385 -0.576462746 -0.003144973 -0.000002025 0.999994993 37.901779175
0.999990106 0.003028560 0.003253148 -0.200927809 -0.003029811 0.999995470 0.000379838 -0.603633046 -0.003251983 -0.000389691 0.999994636 39.278720856
0.999978542 0.005472008 0.003603262 -0.211291015 -0.005472811 0.999985099 0.000213250 -0.628313184 -0.003602041 -0.000232966 0.999993503 40.668243408
0.999966443 0.007418432 0.003466646 -0.218058735 -0.007419753 0.999972403 0.000368588 -0.645540416 -0.003463816 -0.000394297 0.999993920 42.072959900
0.999965668 0.007701119 0.003066322 -0.218899488 -0.007702226 0.999970257 0.000349316 -0.667024493 -0.003063541 -0.000372922 0.999995172 43.478679657
0.999970436 0.007136007 0.002862843 -0.231502980 -0.007137420 0.999974430 0.000483471 -0.695574045 -0.002859320 -0.000503890 0.999995768 44.887779236
0.999976933 0.006450868 0.002107432 -0.233703166 -0.006450966 0.999979198 0.000039312 -0.714662194 -0.002107134 -0.000052906 0.999997795 46.294170380
0.999983132 0.005650774 0.001345243 -0.241462797 -0.005651232 0.999983966 0.000336552 -0.738892496 -0.001343319 -0.000344149 0.999999046 47.695278168
0.999981642 0.006050449 0.000204259 -0.247015759 -0.006050739 0.999980688 0.001449288 -0.758482635 -0.000195486 -0.001450497 0.999998927 49.112873077
0.999980986 0.006110711 -0.000943986 -0.257732719 -0.006109610 0.999980628 0.001165017 -0.781519055 0.000951087 -0.001159227 0.999998868 50.523796082
0.999976873 0.006382907 -0.002347898 -0.269919097 -0.006379814 0.999978781 0.001322497 -0.797351480 0.002356289 -0.001307487 0.999996424 51.932430267
0.999972463 0.006729035 -0.003131001 -0.291497141 -0.006721102 0.999974132 0.002537559 -0.822018862 0.003147996 -0.002516446 0.999991834 53.334007263
0.999977350 0.005490629 -0.003887407 -0.303143829 -0.005477601 0.999979317 0.003354413 -0.839567542 0.003905745 -0.003333044 0.999986768 54.766239166
0.999986231 0.003046534 -0.004273137 -0.313614249 -0.003030919 0.999988735 0.003655864 -0.863572299 0.004284226 -0.003642862 0.999984145 56.241184235
0.999988794 0.000711600 -0.004672369 -0.334784746 -0.000696054 0.999994159 0.003327842 -0.883611917 0.004674710 -0.003324552 0.999983549 57.645118713
0.999986708 -0.000768841 -0.005094950 -0.344464600 0.000790075 0.999991000 0.004166960 -0.907181323 0.005091700 -0.004170930 0.999978364 59.071331024
0.999987602 -0.002048185 -0.004534510 -0.355958074 0.002068260 0.999988079 0.004426959 -0.925543606 0.004525388 -0.004436283 0.999979913 60.496894836
0.999985814 -0.003274828 -0.004192304 -0.363227755 0.003297251 0.999980211 0.005352941 -0.943406463 0.004174692 -0.005366690 0.999976873 61.928878784
0.999987125 -0.003884797 -0.003242381 -0.395718545 0.003900856 0.999980032 0.004961506 -0.969163716 0.003223042 -0.004974090 0.999982417 63.318222046
0.999983907 -0.005106437 -0.002484497 -0.411502361 0.005115882 0.999979615 0.003810143 -0.982025206 0.002464990 -0.003822792 0.999989629 64.730148315
0.999984860 -0.005031915 -0.002217428 -0.409748286 0.005040522 0.999979734 0.003892998 -1.011723995 0.002197794 -0.003904117 0.999989927 66.140022278
0.999991953 -0.003828438 -0.001131869 -0.420991629 0.003832595 0.999985874 0.003693215 -1.026739120 0.001117713 -0.003697523 0.999992549 67.571777344
0.999999821 -0.000148139 -0.000574367 -0.439767808 0.000150909 0.999988377 0.004824883 -1.049534559 0.000573646 -0.004824971 0.999988139 68.930702209
0.999995828 0.002888683 0.000230541 -0.453130662 -0.002890035 0.999977291 0.006098880 -1.068730354 -0.000212918 -0.006099521 0.999981403 70.329757690
0.999978483 0.006508443 0.000799817 -0.460627675 -0.006513840 0.999954700 0.006940755 -1.092018247 -0.000754607 -0.006945814 0.999975562 71.734741211
0.999945879 0.010309122 0.001377258 -0.475709110 -0.010317901 0.999925435 0.006527287 -1.107530951 -0.001309865 -0.006541144 0.999977767 73.130516052
0.999898195 0.014117023 0.002078127 -0.493269086 -0.014129198 0.999882400 0.005965459 -1.128201604 -0.001993668 -0.005994213 0.999979973 74.527755737
0.999873042 0.015649077 0.002994410 -0.502704322 -0.015666587 0.999859750 0.005917937 -1.146001220 -0.002901379 -0.005964097 0.999977946 75.924819946
0.999868155 0.015915299 0.003211621 -0.507192254 -0.015934467 0.999854803 0.006034044 -1.157716990 -0.003115120 -0.006084424 0.999976635 77.340126038
0.999880910 0.015046368 0.003436591 -0.517133594 -0.015066137 0.999869585 0.005800753 -1.181788683 -0.003348863 -0.005851839 0.999977231 78.721221924
0.999902666 0.013569067 0.003262462 -0.518918216 -0.013585582 0.999894619 0.005094223 -1.199331760 -0.003192995 -0.005138048 0.999981761 80.102821350
0.999907434 0.013209119 0.003261002 -0.531255364 -0.013225286 0.999900043 0.004986875 -1.218557119 -0.003194804 -0.005029541 0.999982238 81.476463318
0.999911726 0.012966381 0.002932394 -0.532279193 -0.012981189 0.999902785 0.005087887 -1.235074162 -0.002866138 -0.005125504 0.999982774 82.861656189
0.999922752 0.012261605 0.002048294 -0.530766249 -0.012270860 0.999914289 0.004568626 -1.251791358 -0.001992100 -0.004593408 0.999987423 84.242256165
0.999919772 0.012535834 0.001777135 -0.550737619 -0.012544470 0.999909163 0.004935489 -1.264409542 -0.001715103 -0.004957387 0.999986231 85.594062805
0.999923766 0.012334892 0.000582043 -0.547683120 -0.012337984 0.999907970 0.005643798 -1.287006021 -0.000512374 -0.005650548 0.999983847 86.952102661
0.999947786 0.010218264 -0.000248974 -0.561627328 -0.010216289 0.999923646 0.006945938 -1.318392158 0.000319931 -0.006943031 0.999975801 88.362304688
0.999964714 0.008286572 -0.001394515 -0.574756742 -0.008276315 0.999939799 0.007207918 -1.327831388 0.001454160 -0.007196123 0.999973059 89.734901428
0.999978423 0.006059838 -0.002546406 -0.574468970 -0.006041533 0.999956310 0.007136467 -1.344525099 0.002589541 -0.007120929 0.999971271 91.101104736
0.999984086 0.004937137 -0.002731072 -0.587066114 -0.004918975 0.999966025 0.006617601 -1.362072587 0.002763651 -0.006604061 0.999974430 92.473937988
0.999986947 0.004012110 -0.003165487 -0.593932688 -0.003992011 0.999971986 0.006330150 -1.385177851 0.003190796 -0.006317430 0.999974966 93.793746948
0.999984622 0.004260797 -0.003548340 -0.604266763 -0.004241548 0.999976337 0.005414862 -1.396274805 0.003571327 -0.005399728 0.999979079 95.150062561
0.999986827 0.003845162 -0.003395665 -0.618787766 -0.003827190 0.999978721 0.005283169 -1.421064973 0.003415908 -0.005270103 0.999980271 96.519256592
0.999984384 0.004543466 -0.003272713 -0.634597957 -0.004527107 0.999977291 0.004988740 -1.444923401 0.003295305 -0.004973846 0.999982178 97.856697083
0.999979258 0.005830704 -0.002731406 -0.666737258 -0.005817325 0.999971151 0.004880773 -1.457991481 0.002759785 -0.004864782 0.999984384 99.155540466
0.999976933 0.006332701 -0.002427333 -0.682189763 -0.006316576 0.999958336 0.006593613 -1.476652145 0.002468987 -0.006578129 0.999975383 100.486145020
0.999968886 0.007452672 -0.002557679 -0.690289557 -0.007432650 0.999942362 0.007750582 -1.495729685 0.002615294 -0.007731331 0.999966681 101.819068909
0.999970436 0.007257672 -0.002530565 -0.697985888 -0.007241504 0.999953687 0.006341153 -1.508389473 0.002576469 -0.006322641 0.999976695 103.166633606
0.999973476 0.006802313 -0.002592681 -0.713833511 -0.006791392 0.999968112 0.004197206 -1.532829762 0.002621149 -0.004179488 0.999987781 104.463050842
0.999975502 0.006296465 -0.003028190 -0.720450759 -0.006288221 0.999976516 0.002723766 -1.544583559 0.003045269 -0.002704659 0.999991715 105.802398682
0.999988198 0.003911117 -0.002882383 -0.726460397 -0.003899213 0.999983907 0.004123995 -1.569916368 0.002898467 -0.004112708 0.999987364 107.133903503
0.999996543 0.001256886 -0.002273727 -0.734764516 -0.001242760 0.999980032 0.006203758 -1.586876154 0.002281479 -0.006200911 0.999978185 108.479118347
0.999998927 -0.000121400 -0.001461338 -0.738727033 0.000130923 0.999978721 0.006517967 -1.601231694 0.001460515 -0.006518151 0.999977708 109.811195374
0.999999285 -0.000880883 -0.000811795 -0.744569719 0.000884935 0.999987066 0.005004662 -1.615395069 0.000807375 -0.005005376 0.999987125 111.129226685
0.999999642 0.000875888 0.000058624 -0.758460402 -0.000876052 0.999995589 0.002844823 -1.636376262 -0.000056132 -0.002844873 0.999995887 112.457534790
0.999993503 0.003171985 0.001739017 -0.773041487 -0.003173318 0.999994695 0.000764471 -1.655800581 -0.001736582 -0.000769985 0.999998152 113.789939880
0.999976099 0.006281629 0.002873484 -0.782120645 -0.006283992 0.999979913 0.000813855 -1.678455830 -0.002868314 -0.000831892 0.999995530 115.096786499
0.999962389 0.007448216 0.004450341 -0.789346278 -0.007460465 0.999968350 0.002742189 -1.697876811 -0.004429776 -0.002775288 0.999986351 116.444892883
0.999958098 0.007393474 0.005400021 -0.790135980 -0.007420860 0.999959588 0.005068977 -1.720004082 -0.005362325 -0.005108837 0.999972522 117.772285461
0.999954641 0.006913810 0.006560001 -0.792884648 -0.006949770 0.999960780 0.005474711 -1.732475281 -0.006521893 -0.005520052 0.999963462 119.112899780
0.999948382 0.007150386 0.007216108 -0.788271308 -0.007185438 0.999962449 0.004843270 -1.744800448 -0.007181205 -0.004894872 0.999962211 120.453346252
0.999926507 0.008644776 0.008489626 -0.782587528 -0.008682739 0.999952376 0.004445065 -1.761943579 -0.008450794 -0.004518451 0.999954104 121.799781799
0.999895155 0.010873321 0.009554791 -0.786779821 -0.010910944 0.999932885 0.003894330 -1.775467277 -0.009511803 -0.003998173 0.999946773 123.132545471
0.999876857 0.011367410 0.010816477 -0.783962667 -0.011399628 0.999930680 0.002921480 -1.791112065 -0.010782517 -0.003044423 0.999937236 124.484207153
0.999851584 0.012871760 0.011450907 -0.778219640 -0.012894860 0.999914944 0.001945612 -1.813789845 -0.011424889 -0.002092981 0.999932528 125.802627563
0.999850392 0.011889539 0.012560336 -0.773069382 -0.011913564 0.999927342 0.001839764 -1.831238031 -0.012537548 -0.001989127 0.999919355 127.148612976
0.999848843 0.011356642 0.013167132 -0.761031091 -0.011398222 0.999930203 0.003087075 -1.851986647 -0.013131157 -0.003236690 0.999908566 128.494934082
0.999849200 0.010276347 0.014000600 -0.749599874 -0.010330427 0.999939442 0.003795765 -1.872545600 -0.013960745 -0.003939825 0.999894857 129.805114746
0.999849379 0.009515290 0.014523374 -0.744202256 -0.009572870 0.999946594 0.003900212 -1.881904006 -0.014485489 -0.004038653 0.999886930 131.186614990
0.999868751 0.007135781 0.014548745 -0.729333818 -0.007193572 0.999966443 0.003923793 -1.893152595 -0.014520258 -0.004027935 0.999886453 132.542205811
0.999880493 0.005936174 0.014268870 -0.717724621 -0.006004001 0.999970853 0.004715506 -1.917575836 -0.014240461 -0.004800614 0.999887049 133.901580811
0.999897480 0.004487081 0.013600457 -0.708263397 -0.004547667 0.999979794 0.004426996 -1.934877872 -0.013580318 -0.004488392 0.999897659 135.245254517
0.999915659 0.003356803 0.012553875 -0.700726867 -0.003407981 0.999985933 0.004057453 -1.946633101 -0.012540082 -0.004099895 0.999912977 136.588546753
0.999938130 0.002111045 0.010924019 -0.685693920 -0.002162247 0.999986768 0.004677504 -1.960614085 -0.010914000 -0.004700835 0.999929428 137.940109253
0.999946952 0.000353155 0.010292134 -0.682851076 -0.000408855 0.999985278 0.005410317 -1.987226963 -0.010290072 -0.005414239 0.999932408 139.274078369
0.999957621 -0.000086000 0.009204330 -0.682425499 0.000033853 0.999983966 0.005665515 -2.005642414 -0.009204670 -0.005664963 0.999941647 140.607559204
0.999968350 -0.000170376 0.007944659 -0.674331129 0.000132300 0.999988496 0.004792887 -2.021039486 -0.007945383 -0.004791684 0.999956965 141.946975708
0.999977052 -0.000122848 0.006763191 -0.674435675 0.000093879 0.999990821 0.004283441 -2.035534859 -0.006763655 -0.004282709 0.999967933 143.282989502
0.999977529 -0.002834732 0.006062566 -0.669433832 0.002822093 0.999993801 0.002092267 -2.056749344 -0.006068460 -0.002075111 0.999979436 144.620666504
0.999950826 -0.008197488 0.005581894 -0.669389307 0.008189229 0.999965370 0.001500848 -2.073508739 -0.005594003 -0.001455063 0.999983370 145.966964722
0.999872029 -0.015540441 0.003792209 -0.650700152 0.015525247 0.999871373 0.004003945 -2.098798037 -0.003853945 -0.003944557 0.999984801 147.309875488
0.999747992 -0.022333577 0.002239361 -0.642737567 0.022321865 0.999737680 0.005125590 -2.111500978 -0.002353247 -0.005074312 0.999984384 148.643310547
0.999654055 -0.026291922 0.000720583 -0.626097083 0.026290709 0.999652982 0.001640876 -2.128906488 -0.000763475 -0.001621364 0.999998391 149.983688354
0.999667943 -0.025718171 0.001604144 -0.646948636 0.025719948 0.999668598 -0.001096985 -2.154131651 -0.001575400 0.001137879 0.999998093 151.313232422
0.999750614 -0.022152651 0.002808723 -0.659369767 0.022161147 0.999749839 -0.003030749 -2.180537224 -0.002740881 0.003092238 0.999991477 152.637268066
0.999746859 -0.022227192 0.003480004 -0.662488163 0.022238038 0.999747872 -0.003109747 -2.205041647 -0.003410005 0.003186348 0.999989092 153.992340088
0.999665260 -0.025512980 0.004290717 -0.668776453 0.025511857 0.999674439 0.000316860 -2.228604555 -0.004297404 -0.000207290 0.999990761 155.331161499
0.999505818 -0.031074021 0.004748169 -0.655118763 0.031058434 0.999512017 0.003322239 -2.255919933 -0.004849087 -0.003173127 0.999983132 156.690475464
0.999380469 -0.034857407 0.004857304 -0.650687754 0.034833983 0.999381423 0.004827210 -2.273810625 -0.005022563 -0.004655020 0.999976516 158.024322510
0.999320745 -0.036581591 0.004454812 -0.637371659 0.036560591 0.999320328 0.004707539 -2.293976307 -0.004623993 -0.004541472 0.999979019 159.378097534
0.999379575 -0.034780074 0.005555439 -0.643030882 0.034749791 0.999381125 0.005458208 -2.310635328 -0.005741838 -0.005261771 0.999969721 160.714706421
0.999515593 -0.030400157 0.006665568 -0.642423868 0.030371908 0.999529541 0.004298715 -2.326617002 -0.006793112 -0.004094187 0.999968529 162.065963745
0.999603689 -0.027053228 0.007784328 -0.653075874 0.027035834 0.999631763 0.002331482 -2.346351147 -0.007844537 -0.002120103 0.999967039 163.393310547
0.999675333 -0.024090141 0.008298440 -0.649447620 0.024078516 0.999708891 0.001498123 -2.361840248 -0.008332117 -0.001297822 0.999964416 164.759216309
0.999722004 -0.021943256 0.008622693 -0.648881257 0.021920443 0.999755979 0.002731322 -2.378931761 -0.008680522 -0.002541550 0.999959052 166.121826172
0.999743581 -0.021149831 0.008087937 -0.634093940 0.021128327 0.999773026 0.002734974 -2.406424284 -0.008143946 -0.002563388 0.999963582 167.500747681
0.999797881 -0.018617943 0.007593976 -0.631669402 0.018617477 0.999826670 0.000132241 -2.423065424 -0.007595123 0.000009167 0.999971151 168.853591919
0.999856114 -0.015429653 0.007040557 -0.634171724 0.015449940 0.999876738 -0.002836441 -2.439404964 -0.006995923 0.002944810 0.999971211 170.204162598
0.999925137 -0.009930629 0.007143011 -0.644324422 0.009961023 0.999941409 -0.004231839 -2.461759090 -0.007100568 0.004302675 0.999965489 171.570205688
0.999957025 -0.005525428 0.007432355 -0.651660681 0.005546995 0.999980390 -0.002884094 -2.490180016 -0.007416273 0.002925197 0.999968231 172.929077148
0.999963284 -0.002832272 0.008087850 -0.656499267 0.002839440 0.999995589 -0.000874961 -2.515540361 -0.008085336 0.000897894 0.999966919 174.295989990
0.999964535 -0.001655475 0.008254174 -0.659848928 0.001645432 0.999997854 0.001223358 -2.536503077 -0.008256184 -0.001209734 0.999965191 175.670654297
0.999960244 -0.005148154 0.007266577 -0.654999316 0.005131913 0.999984324 0.002251923 -2.558733940 -0.007278057 -0.002214542 0.999971092 177.042434692
0.999957979 -0.007226053 0.005643104 -0.646987259 0.007212207 0.999970913 0.002470102 -2.578370333 -0.005660790 -0.002429299 0.999981046 178.437591553
0.999967515 -0.007077851 0.003848452 -0.648902953 0.007086657 0.999972224 -0.002279530 -2.594428301 -0.003832211 0.002306729 0.999990046 179.831161499
0.999978483 -0.006154694 0.002320725 -0.649826884 0.006168241 0.999963641 -0.005875773 -2.626345396 -0.002284477 0.005889959 0.999980032 181.239456177
0.999997556 -0.001276236 0.001791717 -0.664832532 0.001287641 0.999978960 -0.006378747 -2.654491186 -0.001783538 0.006381039 0.999978065 182.637161255
0.999995708 0.002449357 0.001610653 -0.676385283 -0.002440103 0.999980569 -0.005722491 -2.679728746 -0.001624638 0.005718536 0.999982357 184.037368774
0.999987185 0.004578471 0.002208669 -0.693657458 -0.004573615 0.999987125 -0.002198503 -2.708406687 -0.002218707 0.002188373 0.999995112 185.427459717
0.999984860 0.004941021 0.002407923 -0.694264233 -0.004941245 0.999987721 0.000087462 -2.734854221 -0.002407462 -0.000099359 0.999997079 186.812118530
0.999987364 0.004315533 0.002611961 -0.697991967 -0.004317720 0.999990344 0.000832359 -2.749668837 -0.002608344 -0.000843626 0.999996245 188.227737427
0.999992549 0.002964062 0.002463404 -0.697637856 -0.002967222 0.999994755 0.001280015 -2.768669128 -0.002459597 -0.001287315 0.999996126 189.679550171
0.999996245 -0.000006113 0.002752388 -0.706934094 0.000000371 0.999997854 0.002085958 -2.792717934 -0.002752395 -0.002085949 0.999994040 191.115798950
0.999992430 -0.002676680 0.002826665 -0.694921374 0.002671404 0.999994636 0.001868567 -2.812997103 -0.002831652 -0.001861002 0.999994278 192.544265747
0.999976873 -0.005876297 0.003437188 -0.699179292 0.005865769 0.999978125 0.003064811 -2.834148169 -0.003455122 -0.003044579 0.999989450 193.963348389
0.999937654 -0.010564706 0.003613206 -0.689118326 0.010547497 0.999933124 0.004749551 -2.853043556 -0.003663142 -0.004711145 0.999982178 195.425491333
0.999912381 -0.012714275 0.003689406 -0.681013167 0.012698168 0.999909878 0.004357012 -2.863998652 -0.003744469 -0.004309781 0.999983728 196.865982056
0.999931455 -0.010839556 0.004409583 -0.691642344 0.010838424 0.999941230 0.000280741 -2.890841484 -0.004412367 -0.000232929 0.999990165 198.293502808
0.999981821 -0.003449484 0.004933388 -0.701155007 0.003473117 0.999982595 -0.004790087 -2.911166906 -0.004916778 0.004807135 0.999976277 199.709487915
0.999962866 0.006067311 0.006120127 -0.707593560 -0.006035584 0.999968350 -0.005189215 -2.934210062 -0.006151418 0.005152083 0.999967754 201.174148560
0.999884844 0.013339049 0.007242149 -0.719953775 -0.013328472 0.999910057 -0.001506759 -2.959579945 -0.007261597 0.001410059 0.999972582 202.603225708
0.999853194 0.015084655 0.008124117 -0.726753652 -0.015091117 0.999885798 0.000734826 -2.986189365 -0.008112104 -0.000857320 0.999966681 204.037033081
0.999885738 0.013115091 0.007509242 -0.720127940 -0.013122459 0.999913454 0.000932721 -3.002121449 -0.007496359 -0.001031154 0.999971330 205.479736328
0.999933541 0.009590793 0.006383719 -0.714608192 -0.009596280 0.999953628 0.000829428 -3.023434639 -0.006375468 -0.000890633 0.999979258 206.926559448
0.999953151 0.008001727 0.005435253 -0.716915011 -0.008003744 0.999967873 0.000349292 -3.049444199 -0.005432284 -0.000392777 0.999985158 208.367858887
0.999951243 0.008106315 0.005639394 -0.720993340 -0.008110551 0.999966860 0.000728900 -3.079712868 -0.005633298 -0.000774603 0.999983847 209.840072632
0.999944806 0.009304897 0.004871123 -0.719568074 -0.009306620 0.999956608 0.000331608 -3.099074602 -0.004867826 -0.000376923 0.999988079 211.279815674
0.999937713 0.009947399 0.005079211 -0.722794533 -0.009954806 0.999949336 0.001435147 -3.125984907 -0.005064679 -0.001485620 0.999986053 212.739181519
0.999940932 0.009887964 0.004517437 -0.726323903 -0.009891156 0.999950826 0.000684973 -3.145284653 -0.004510441 -0.000729615 0.999989569 214.210372925
0.999944508 0.009688622 0.004144622 -0.726273000 -0.009686368 0.999952912 -0.000563447 -3.169493914 -0.004149885 0.000523270 0.999991357 215.684097290
0.999954939 0.008720133 0.003760161 -0.724025190 -0.008717442 0.999961674 -0.000731792 -3.188235521 -0.003766398 0.000698980 0.999992669 217.160217285
0.999951303 0.009189857 0.003589715 -0.731751502 -0.009186905 0.999957383 -0.000837774 -3.211734772 -0.003597261 0.000804755 0.999993145 218.636291504
0.999946415 0.009715709 0.003564175 -0.740607738 -0.009712115 0.999952316 -0.001024961 -3.234887362 -0.003573964 0.000990291 0.999993145 220.110687256
0.999942839 0.010060601 0.003605357 -0.751831055 -0.010055767 0.999948561 -0.001356367 -3.258240461 -0.003618817 0.001320035 0.999992669 221.589157104
0.999940634 0.010488542 0.002935161 -0.749824703 -0.010485143 0.999944270 -0.001171295 -3.293648720 -0.002947283 0.001140450 0.999994993 223.093048096
0.999939322 0.010508817 0.003286541 -0.765718937 -0.010504693 0.999944031 -0.001269870 -3.321588516 -0.003299701 0.001235269 0.999993801 224.577499390
0.999934077 0.011156805 0.002711827 -0.771140754 -0.011153216 0.999936938 -0.001334666 -3.342420578 -0.002726546 0.001304333 0.999995351 226.069396973
0.999944270 0.010179232 0.002795510 -0.778454185 -0.010175072 0.999947131 -0.001498720 -3.366246223 -0.002810618 0.001470192 0.999994934 227.565841675
0.999955595 0.008983637 0.002839062 -0.783456266 -0.008979675 0.999958694 -0.001405394 -3.397453308 -0.002851571 0.001379838 0.999994993 229.065353394
0.999966562 0.007516304 0.003224993 -0.786409676 -0.007513474 0.999971390 -0.000889138 -3.426810026 -0.003231584 0.000864878 0.999994397 230.580764771
0.999971271 0.006545389 0.003811623 -0.802064657 -0.006544278 0.999978483 -0.000303968 -3.448796034 -0.003813531 0.000279014 0.999992669 232.070465088
0.999970794 0.006643270 0.003765405 -0.803553402 -0.006643157 0.999977887 -0.000042781 -3.473680973 -0.003765606 0.000017765 0.999992907 233.575408936
0.999964952 0.007144145 0.004355183 -0.813040257 -0.007142106 0.999974370 -0.000483803 -3.501930237 -0.004358528 0.000452681 0.999990404 235.088119507
0.999959886 0.007765997 0.004453916 -0.811116695 -0.007761322 0.999969304 -0.001066333 -3.528269291 -0.004462061 0.001031722 0.999989510 236.596817017
0.999947131 0.008963603 0.005032478 -0.814082682 -0.008963351 0.999959826 -0.000072539 -3.557736874 -0.005032926 0.000027428 0.999987364 238.099212646
0.999934554 0.009666048 0.006115604 -0.826884687 -0.009675337 0.999952078 0.001491355 -3.576824665 -0.006100895 -0.001550427 0.999980211 239.610488892
0.999934912 0.009285190 0.006630325 -0.823056877 -0.009299656 0.999954402 0.002154382 -3.601666212 -0.006610019 -0.002215901 0.999975741 241.121292114
0.999926031 0.009807707 0.007190855 -0.820308805 -0.009812088 0.999951720 0.000574287 -3.625462294 -0.007184874 -0.000644802 0.999973953 242.602325439
0.999914289 0.010482680 0.007846885 -0.815437376 -0.010476026 0.999944746 -0.000888647 -3.647140980 -0.007855767 0.000806366 0.999968827 244.114944458
0.999919534 0.010041873 0.007749128 -0.806553006 -0.010041589 0.999949574 -0.000075354 -3.672554970 -0.007749493 -0.000002465 0.999969959 245.634963989
0.999920905 0.010012038 0.007609990 -0.796002269 -0.010017976 0.999949515 0.000742549 -3.693559885 -0.007602172 -0.000818727 0.999970794 247.170288086
0.999915898 0.010555875 0.007535540 -0.800274670 -0.010563767 0.999943674 0.001008247 -3.716295481 -0.007524474 -0.001087766 0.999971092 248.706146240
0.999921918 0.010393074 0.006933935 -0.784190774 -0.010402198 0.999945104 0.001280888 -3.745997190 -0.006920242 -0.001352916 0.999975145 250.254806519
0.999897838 0.012147676 0.007544165 -0.786117733 -0.012160494 0.999924719 0.001655437 -3.770880222 -0.007523487 -0.001747008 0.999970198 251.791580200
0.999876559 0.013691107 0.007699650 -0.787950933 -0.013700026 0.999905527 0.001106687 -3.787510395 -0.007683771 -0.001212036 0.999969721 253.344741821
0.999869764 0.014048018 0.007938184 -0.784109414 -0.014060037 0.999899983 0.001460039 -3.809587479 -0.007916880 -0.001571460 0.999967456 254.886352539
0.999892533 0.012549818 0.007568880 -0.777489483 -0.012562276 0.999919772 0.001600510 -3.834748268 -0.007548188 -0.001695420 0.999970019 256.451904297
0.999908805 0.011292859 0.007401870 -0.767249703 -0.011309788 0.999933541 0.002249185 -3.854980469 -0.007375978 -0.002332693 0.999970078 257.978118896
0.999935806 0.008770122 0.007160791 -0.760757148 -0.008788783 0.999958038 0.002578816 -3.871097803 -0.007137873 -0.002641585 0.999971032 259.497161865
0.999942958 0.007490863 0.007615741 -0.773473203 -0.007506142 0.999969840 0.001979826 -3.891505718 -0.007600680 -0.002036878 0.999969006 261.012512207
0.999952614 0.006476366 0.007269253 -0.767430842 -0.006482622 0.999978602 0.000837414 -3.911077738 -0.007263673 -0.000884498 0.999973238 262.568389893
0.999961913 0.004896752 0.007222869 -0.753308058 -0.004913943 0.999985099 0.002364337 -3.934005499 -0.007211184 -0.002399740 0.999971092 264.131286621
0.999969125 0.002726861 0.007357965 -0.743330479 -0.002757372 0.999987662 0.004139816 -3.954881907 -0.007346584 -0.004159978 0.999964297 265.678283691
0.999972761 0.001942835 0.007124105 -0.722975910 -0.001965413 0.999993086 0.003163683 -3.972154856 -0.007117909 -0.003177598 0.999969542 267.254943848
0.999968827 0.001519810 0.007739415 -0.717410386 -0.001535955 0.999996662 0.002080640 -3.990689754 -0.007736226 -0.002092463 0.999967873 268.796478271
0.999964654 0.002280743 0.008095878 -0.706174135 -0.002294358 0.999995947 0.001672730 -4.013403416 -0.008092028 -0.001691246 0.999965847 270.332122803
0.999949813 0.003783849 0.009283603 -0.705616295 -0.003802541 0.999990821 0.001996706 -4.041611671 -0.009275961 -0.002031907 0.999954998 271.862701416
0.999935925 0.005760569 0.009736878 -0.700028121 -0.005773098 0.999982536 0.001259254 -4.059669018 -0.009729451 -0.001315385 0.999951720 273.400482178
0.999917269 0.006519677 0.011099478 -0.695326984 -0.006536590 0.999977469 0.001488210 -4.088855267 -0.011089526 -0.001560639 0.999937296 274.949584961
0.999907017 0.007884297 0.011125865 -0.675623357 -0.007892192 0.999968648 0.000666185 -4.104862690 -0.011120264 -0.000753931 0.999937892 276.495880127
0.999899268 0.008298062 0.011514773 -0.667133331 -0.008295037 0.999965549 -0.000310406 -4.129552364 -0.011516954 0.000214859 0.999933660 278.054840088
0.999896884 0.007120322 0.012477121 -0.657537997 -0.007113002 0.999974430 -0.000630987 -4.155279636 -0.012481296 0.000542172 0.999921978 279.613677979
0.999893486 0.007194696 0.012699194 -0.614659071 -0.007192846 0.999974132 -0.000191311 -4.189555168 -0.012700242 0.000099947 0.999919355 281.169525146
0.999893010 0.005874062 0.013389776 -0.605283856 -0.005886821 0.999982238 0.000913668 -4.212456226 -0.013384173 -0.000992393 0.999909937 282.748657227
0.999896944 0.004490505 0.013635808 -0.591870964 -0.004507398 0.999989152 0.001208464 -4.240687847 -0.013630233 -0.001269802 0.999906301 284.296569824
0.999900222 0.004085169 0.013516063 -0.573674977 -0.004070080 0.999991059 -0.001143683 -4.269389153 -0.013520614 0.001088558 0.999907911 285.891632080
0.999906480 0.002737461 0.013400194 -0.557871699 -0.002691171 0.999990344 -0.003471212 -4.293432713 -0.013409567 0.003434826 0.999904215 287.458374023
0.999916911 0.002642113 0.012614941 -0.540237188 -0.002600712 0.999991179 -0.003297164 -4.326833248 -0.012623541 0.003264082 0.999915004 289.007659912
0.999932110 0.001440659 0.011561936 -0.526560247 -0.001402760 0.999993622 -0.003285337 -4.353573322 -0.011566595 0.003268895 0.999927759 290.571655273
0.999942183 0.001259065 0.010681270 -0.527065098 -0.001218105 0.999991894 -0.003840326 -4.382116795 -0.010686016 0.003827092 0.999935567 292.106445312
0.999946833 0.001378245 0.010219896 -0.522260368 -0.001334622 0.999989986 -0.004274040 -4.407899380 -0.010225686 0.004260173 0.999938667 293.685028076
0.999953687 0.001621727 0.009485825 -0.510695219 -0.001585274 0.999991357 -0.003849102 -4.439362049 -0.009491985 0.003833885 0.999947608 295.262268066
0.999964178 0.000967190 0.008408542 -0.498045325 -0.000937199 0.999993205 -0.003570012 -4.471593380 -0.008411937 0.003562003 0.999958277 296.846313477
0.999973416 0.000875125 0.007229864 -0.491702616 -0.000860521 0.999997497 -0.002022723 -4.505464554 -0.007231616 0.002016447 0.999971807 298.413940430
0.999975383 0.002376437 0.006589599 -0.488625944 -0.002371062 0.999996841 -0.000823425 -4.531395912 -0.006591536 0.000807781 0.999977946 299.980895996
0.999969959 0.002356226 0.007386613 -0.485107720 -0.002350745 0.999996960 -0.000750580 -4.552957058 -0.007388359 0.000733194 0.999972463 301.572937012
0.999965549 0.002315992 0.007970898 -0.472541094 -0.002308695 0.999996901 -0.000924502 -4.580121517 -0.007973013 0.000906068 0.999967813 303.175659180
0.999963343 0.001552836 0.008410333 -0.472493440 -0.001543702 0.999998212 -0.001092366 -4.604785919 -0.008412013 0.001079343 0.999964058 304.745819092
0.999962747 -0.000671327 0.008604259 -0.461767912 0.000687361 0.999998033 -0.001860723 -4.638074875 -0.008602994 0.001866568 0.999961257 306.346588135
0.999954760 -0.001939177 0.009310295 -0.451997250 0.001976807 0.999989927 -0.004034272 -4.661184788 -0.009302378 0.004052495 0.999948442 307.946197510
0.999959350 -0.002294375 0.008722269 -0.444150925 0.002339003 0.999984205 -0.005109838 -4.691046715 -0.008710408 0.005130030 0.999948919 309.528015137
0.999976635 -0.001600730 0.006642445 -0.445093364 0.001641427 0.999979913 -0.006126012 -4.724194050 -0.006632506 0.006136772 0.999959171 311.134277344
0.999988496 -0.000422469 0.004763627 -0.443194360 0.000448022 0.999985516 -0.005364463 -4.755340576 -0.004761291 0.005366536 0.999974251 312.747711182
0.999989748 0.000601006 0.004488258 -0.447165519 -0.000591111 0.999997377 -0.002205683 -4.784584522 -0.004489572 0.002203007 0.999987423 314.378631592
0.999987900 -0.000835774 0.004852192 -0.433156908 0.000832428 0.999999404 0.000691392 -4.811069489 -0.004852767 -0.000687344 0.999987900 316.012390137
0.999988079 -0.001520860 0.004623415 -0.428365260 0.001514882 0.999998033 0.001296277 -4.834112167 -0.004625377 -0.001289258 0.999988496 317.634857178
0.999984384 -0.002499494 0.004998513 -0.432633996 0.002499789 0.999996901 -0.000052837 -4.854159832 -0.004998366 0.000065331 0.999987543 319.247009277
0.999980807 -0.003422457 0.005168381 -0.434083462 0.003422377 0.999994159 0.000024592 -4.879373550 -0.005168435 -0.000006903 0.999986649 320.866973877
0.999980092 -0.003509568 0.005245019 -0.432837218 0.003508729 0.999993861 0.000169284 -4.905840397 -0.005245581 -0.000150877 0.999986231 322.488861084
0.999977887 -0.003282480 0.005787828 -0.429574817 0.003281423 0.999994576 0.000192117 -4.937694550 -0.005788427 -0.000173120 0.999983251 324.126586914
0.999979198 -0.002202449 0.006072815 -0.428696543 0.002207963 0.999997199 -0.000901297 -4.962579727 -0.006070812 0.000914686 0.999981225 325.748260498
0.999975860 -0.001161428 0.006853282 -0.432454348 0.001170207 0.999998629 -0.001277148 -4.997060776 -0.006851788 0.001285137 0.999975622 327.353240967
0.999969661 -0.002651382 0.007326495 -0.423095763 0.002648256 0.999996483 0.000436292 -5.023622990 -0.007327626 -0.000416877 0.999973059 328.991485596
0.999966145 -0.003610890 0.007382085 -0.416175187 0.003598622 0.999992132 0.001674531 -5.056202412 -0.007388074 -0.001647910 0.999971330 330.574462891
0.999964595 -0.004787077 0.006917219 -0.401600391 0.004785744 0.999988556 0.000209449 -5.080506325 -0.006918143 -0.000176338 0.999976039 332.212188721
0.999968946 -0.003838348 0.006887468 -0.396181732 0.003837836 0.999992609 0.000087490 -5.104195118 -0.006887753 -0.000061054 0.999976277 333.846160889
0.999975979 -0.001537633 0.006760222 -0.404357821 0.001549835 0.999997139 -0.001800021 -5.139495850 -0.006757435 0.001810455 0.999975502 335.453521729
0.999983728 -0.000338064 0.005720496 -0.400157541 0.000364822 0.999988973 -0.004677285 -5.168979168 -0.005718852 0.004679296 0.999972701 337.075500488
0.999985218 0.001264540 0.005290861 -0.408998579 -0.001241893 0.999990106 -0.004281418 -5.203298092 -0.005296223 0.004274784 0.999976873 338.660522461
0.999990225 0.001960491 0.003946650 -0.400673300 -0.001957597 0.999997735 -0.000736977 -5.237439632 -0.003948087 0.000729244 0.999991953 340.269042969
0.999993503 0.002532260 0.002549579 -0.403309792 -0.002538836 0.999993443 0.002579259 -5.270737171 -0.002543031 -0.002585716 0.999993443 341.871826172
0.999993026 0.003404766 0.001539467 -0.410547286 -0.003406780 0.999993324 0.001307771 -5.298593521 -0.001535004 -0.001313006 0.999997973 343.474304199
0.999996006 0.002813021 -0.000331043 -0.415437818 -0.002813155 0.999996066 -0.000404584 -5.321240902 0.000329904 0.000405513 0.999999821 345.062194824
0.999996185 0.001618001 -0.002229957 -0.420614898 -0.001615934 0.999998212 0.000928576 -5.347403049 0.002231456 -0.000924969 0.999997079 346.650238037
0.999994099 0.000217305 -0.003434267 -0.426921993 -0.000212533 0.999998987 0.001389889 -5.375692844 0.003434566 -0.001389151 0.999993205 348.244415283
0.999994457 0.000151438 -0.003319160 -0.454233438 -0.000149782 0.999999821 0.000499100 -5.397891998 0.003319235 -0.000498600 0.999994278 349.827911377
0.999993324 -0.000681397 -0.003581996 -0.462880820 0.000679668 0.999999642 -0.000483919 -5.424335957 0.003582324 0.000481481 0.999993443 351.425506592
0.999993801 -0.000734024 -0.003449193 -0.474041939 0.000732121 0.999999583 -0.000552905 -5.453422070 0.003449597 0.000550376 0.999993861 353.020355225
0.999992669 -0.001567572 -0.003500971 -0.487254888 0.001564778 0.999998450 -0.000800535 -5.480919361 0.003502220 0.000795051 0.999993563 354.610137939
0.999990821 -0.001639645 -0.003965423 -0.494680136 0.001633373 0.999997377 -0.001584510 -5.507376194 0.003968010 0.001578018 0.999990880 356.206573486
0.999992490 -0.001370475 -0.003612775 -0.513667345 0.001362551 0.999996603 -0.002194799 -5.541859150 0.003615770 0.002189860 0.999991059 357.834686279
0.999990463 -0.002318498 -0.003706740 -0.524153531 0.002311747 0.999995589 -0.001824679 -5.573219299 0.003710954 0.001816093 0.999991477 359.420227051
0.999990106 -0.002245793 -0.003844304 -0.533032358 0.002236024 0.999994278 -0.002543665 -5.603554726 0.003849994 0.002535044 0.999989390 361.017089844
0.999985576 -0.003795475 -0.003803623 -0.545153856 0.003780161 0.999984682 -0.004025104 -5.633139610 0.003818842 0.004010667 0.999984682 362.609832764
0.999980569 -0.005090124 -0.003576294 -0.559704602 0.005082507 0.999984741 -0.002136126 -5.665490150 0.003587112 0.002117908 0.999991298 364.191375732
0.999966502 -0.006985301 -0.004262483 -0.556451559 0.006980357 0.999974906 -0.001173604 -5.698601246 0.004270574 0.001143812 0.999990165 365.790527344
0.999971211 -0.006737513 -0.003485504 -0.579132199 0.006728087 0.999973714 -0.002709394 -5.720052242 0.003503667 0.002685865 0.999990284 367.374328613
0.999980152 -0.005436375 -0.003171925 -0.599402189 0.005424085 0.999977827 -0.003870988 -5.739679813 0.003192900 0.003853706 0.999987543 368.981475830
0.999980450 -0.004924498 -0.003848637 -0.600698471 0.004915019 0.999984860 -0.002468809 -5.785277843 0.003860736 0.002449845 0.999989569 370.574462891
0.999988556 -0.003237274 -0.003513535 -0.614728451 0.003231764 0.999993563 -0.001572613 -5.812479019 0.003518604 0.001561240 0.999992609 372.179168701
0.999982357 -0.003817770 -0.004571804 -0.609914005 0.003807076 0.999989986 -0.002345489 -5.838015556 0.004580714 0.002328042 0.999986827 373.781616211
0.999983907 -0.003501325 -0.004468367 -0.632279873 0.003484056 0.999986470 -0.003866487 -5.858327866 0.004481844 0.003850857 0.999982536 375.374694824
0.999983728 -0.003006660 -0.004847541 -0.644359410 0.002988010 0.999988139 -0.003849788 -5.895514965 0.004859059 0.003835241 0.999980867 376.959564209
0.999986112 -0.002885210 -0.004419512 -0.651680231 0.002869589 0.999989569 -0.003536752 -5.933143616 0.004429670 0.003524020 0.999984026 378.583374023
0.999990642 -0.001112395 -0.004185793 -0.675995111 0.001095516 0.999991298 -0.004032583 -5.954264641 0.004190241 0.004027960 0.999983132 380.207061768
0.999992609 0.000502428 -0.003818556 -0.688230157 -0.000515132 0.999994397 -0.003326783 -5.986815453 0.003816863 0.003328725 0.999987245 381.813598633
0.999992549 0.002804033 -0.002641075 -0.724845231 -0.002814897 0.999987483 -0.004118748 -6.023202419 0.002629492 0.004126152 0.999987960 383.439575195
